          -15
     -14.5946
     -14.1892
     -13.7838
     -13.3784
      -12.973
     -12.5676
     -12.1622
     -11.7568
     -11.3514
     -10.9459
     -10.5405
     -10.1351
     -9.72973
     -9.32432
     -8.91892
     -8.51351
     -8.10811
      -7.7027
      -7.2973
     -6.89189
     -6.48649
     -6.08108
     -5.67568
     -5.27027
     -4.86486
     -4.45946
     -4.05405
     -3.64865
     -3.24324
     -2.83784
     -2.43243
     -2.02703
     -1.62162
     -1.21622
    -0.810811
    -0.405405
            0
     0.405405
     0.810811
      1.21622
      1.62162
      2.02703
      2.43243
      2.83784
      3.24324
      3.64865
      4.05405
      4.45946
      4.86486
      5.27027
      5.67568
      6.08108
      6.48649
      6.89189
       7.2973
       7.7027
      8.10811
      8.51351
      8.91892
      9.32432
      9.72973
      10.1351
      10.5405
      10.9459
      11.3514
      11.7568
      12.1622
      12.5676
       12.973
      13.3784
      13.7838
      14.1892
      14.5946
           15
